%YAML:1.0
---
i: "100"
e: "5"
s: "4"
Mat: !!opencv-matrix
   rows: 4
   cols: 4
   dt: u
   data: [ 1, 13, 13, 1, 13, 249, 252, 13, 13, 252, 255, 14, 1, 13, 14,
       1 ]
i: "100"
e: "4"
s: "4"
Mat: !!opencv-matrix
   rows: 4
   cols: 4
   dt: u
   data: [ 2, 20, 20, 2, 20, 250, 252, 21, 20, 252, 255, 21, 2, 21, 21,
       2 ]
i: "100"
e: "5"
s: "3"
Mat: !!opencv-matrix
   rows: 3
   cols: 3
   dt: u
   data: [ 4, 33, 4, 33, 255, 34, 4, 34, 5 ]
i: "100"
e: "3"
s: "4"
Mat: !!opencv-matrix
   rows: 4
   cols: 4
   dt: u
   data: [ 4, 32, 33, 4, 32, 251, 253, 34, 33, 253, 255, 34, 4, 34, 34,
       5 ]
i: "100"
e: "3"
s: "3"
Mat: !!opencv-matrix
   rows: 3
   cols: 3
   dt: u
   data: [ 13, 57, 13, 57, 255, 59, 13, 59, 14 ]
i: "100"
e: "4"
s: "3"
Mat: !!opencv-matrix
   rows: 3
   cols: 3
   dt: u
   data: [ 7, 42, 7, 42, 255, 44, 7, 44, 8 ]
i: "100"
e: "2"
s: "4"
Mat: !!opencv-matrix
   rows: 4
   cols: 4
   dt: u
   data: [ 12, 55, 56, 12, 55, 252, 253, 57, 56, 253, 255, 57, 12, 57,
       57, 13 ]
i: "100"
e: "2"
s: "3"
Mat: !!opencv-matrix
   rows: 3
   cols: 3
   dt: u
   data: [ 26, 81, 26, 81, 255, 83, 26, 83, 27 ]
