%YAML:1.0
---
F_100_10_1: !!opencv-matrix
   rows: 1
   cols: 1
   dt: u
   data: [ 255 ]
F_100_9_5: !!opencv-matrix
   rows: 5
   cols: 5
   dt: u
   data: [ 0, 0, 0, 0, 0, 0, 15, 61, 15, 0, 0, 61, 255, 63, 0, 0, 15, 63,
       16, 0, 0, 0, 0, 0, 0 ]
F_100_10_5: !!opencv-matrix
   rows: 5
   cols: 5
   dt: u
   data: [ 0, 0, 0, 0, 0, 0, 12, 55, 12, 0, 0, 55, 255, 57, 0, 0, 12, 57,
       13, 0, 0, 0, 0, 0, 0 ]
F_100_9_4: !!opencv-matrix
   rows: 4
   cols: 4
   dt: u
   data: [ 0, 2, 2, 0, 2, 246, 250, 3, 2, 250, 255, 3, 0, 3, 3, 0 ]
F_100_10_4: !!opencv-matrix
   rows: 4
   cols: 4
   dt: u
   data: [ 0, 2, 2, 0, 2, 245, 250, 2, 2, 250, 255, 2, 0, 2, 2, 0 ]
F_100_9_3: !!opencv-matrix
   rows: 3
   cols: 3
   dt: u
   data: [ 1, 13, 1, 13, 255, 14, 1, 14, 1 ]
F_100_10_3: !!opencv-matrix
   rows: 3
   cols: 3
   dt: u
   data: [ 0, 11, 1, 11, 255, 12, 1, 12, 1 ]
F_100_9_2: !!opencv-matrix
   rows: 2
   cols: 2
   dt: u
   data: [ 236, 245, 245, 255 ]
F_100_10_2: !!opencv-matrix
   rows: 2
   cols: 2
   dt: u
   data: [ 235, 245, 245, 255 ]
F_100_9_1: !!opencv-matrix
   rows: 1
   cols: 1
   dt: u
   data: [ 255 ]
F_100_8_5: !!opencv-matrix
   rows: 5
   cols: 5
   dt: u
   data: [ 0, 0, 0, 0, 0, 0, 19, 69, 19, 0, 0, 69, 255, 71, 1, 0, 19, 71,
       20, 0, 0, 0, 1, 0, 0 ]
F_100_8_4: !!opencv-matrix
   rows: 4
   cols: 4
   dt: u
   data: [ 0, 4, 4, 0, 4, 246, 251, 4, 4, 251, 255, 4, 0, 4, 4, 0 ]
F_100_8_3: !!opencv-matrix
   rows: 3
   cols: 3
   dt: u
   data: [ 1, 16, 1, 16, 255, 18, 1, 18, 1 ]
F_100_8_2: !!opencv-matrix
   rows: 2
   cols: 2
   dt: u
   data: [ 237, 246, 246, 255 ]
F_100_8_1: !!opencv-matrix
   rows: 1
   cols: 1
   dt: u
   data: [ 255 ]
F_100_7_5: !!opencv-matrix
   rows: 5
   cols: 5
   dt: u
   data: [ 0, 0, 1, 0, 0, 0, 24, 78, 24, 0, 1, 78, 255, 80, 1, 0, 24, 80,
       25, 0, 0, 0, 1, 0, 0 ]
F_100_7_4: !!opencv-matrix
   rows: 4
   cols: 4
   dt: u
   data: [ 0, 5, 6, 0, 5, 247, 251, 6, 6, 251, 255, 6, 0, 6, 6, 0 ]
F_100_7_3: !!opencv-matrix
   rows: 3
   cols: 3
   dt: u
   data: [ 2, 20, 2, 20, 255, 22, 2, 22, 2 ]
F_100_7_2: !!opencv-matrix
   rows: 2
   cols: 2
   dt: u
   data: [ 238, 246, 246, 255 ]
F_100_7_1: !!opencv-matrix
   rows: 1
   cols: 1
   dt: u
   data: [ 255 ]
F_100_6_5: !!opencv-matrix
   rows: 5
   cols: 5
   dt: u
   data: [ 0, 1, 2, 1, 0, 1, 31, 89, 32, 1, 2, 89, 255, 91, 2, 1, 32, 91,
       32, 1, 0, 1, 2, 1, 0 ]
F_100_2_5: !!opencv-matrix
   rows: 5
   cols: 5
   dt: u
   data: [ 4, 21, 32, 21, 4, 21, 112, 169, 113, 22, 32, 169, 255, 171,
       32, 21, 113, 171, 114, 22, 4, 22, 32, 22, 4 ]
F_100_3_1: !!opencv-matrix
   rows: 1
   cols: 1
   dt: u
   data: [ 255 ]
F_100_2_4: !!opencv-matrix
   rows: 4
   cols: 4
   dt: u
   data: [ 12, 55, 56, 12, 55, 252, 253, 57, 56, 253, 255, 57, 12, 57,
       57, 13 ]
F_100_2_3: !!opencv-matrix
   rows: 3
   cols: 3
   dt: u
   data: [ 26, 81, 26, 81, 255, 83, 26, 83, 27 ]
F_100_2_2: !!opencv-matrix
   rows: 2
   cols: 2
   dt: u
   data: [ 245, 250, 250, 255 ]
F_100_2_1: !!opencv-matrix
   rows: 1
   cols: 1
   dt: u
   data: [ 255 ]
F_100_1_5: !!opencv-matrix
   rows: 5
   cols: 5
   dt: u
   data: [ 24, 63, 78, 63, 24, 63, 166, 206, 167, 64, 78, 206, 255, 207,
       80, 63, 167, 207, 168, 65, 24, 64, 80, 65, 25 ]
F_100_3_3: !!opencv-matrix
   rows: 3
   cols: 3
   dt: u
   data: [ 13, 57, 13, 57, 255, 59, 13, 59, 14 ]
F_100_1_4: !!opencv-matrix
   rows: 4
   cols: 4
   dt: u
   data: [ 43, 104, 104, 44, 104, 253, 254, 106, 104, 254, 255, 106, 44,
       106, 106, 44 ]
F_100_3_2: !!opencv-matrix
   rows: 2
   cols: 2
   dt: u
   data: [ 243, 249, 249, 255 ]
F_100_1_3: !!opencv-matrix
   rows: 3
   cols: 3
   dt: u
   data: [ 63, 126, 64, 126, 255, 129, 64, 129, 65 ]
F_100_1_2: !!opencv-matrix
   rows: 2
   cols: 2
   dt: u
   data: [ 247, 251, 251, 255 ]
F_100_1_1: !!opencv-matrix
   rows: 1
   cols: 1
   dt: u
   data: [ 255 ]
F_100_3_4: !!opencv-matrix
   rows: 4
   cols: 4
   dt: u
   data: [ 4, 32, 33, 4, 32, 251, 253, 34, 33, 253, 255, 34, 4, 34, 34,
       5 ]
F_100_3_5: !!opencv-matrix
   rows: 5
   cols: 5
   dt: u
   data: [ 1, 8, 14, 8, 1, 8, 78, 141, 79, 8, 14, 141, 255, 143, 15, 8,
       79, 143, 80, 8, 1, 8, 15, 8, 1 ]
F_100_4_1: !!opencv-matrix
   rows: 1
   cols: 1
   dt: u
   data: [ 255 ]
F_100_4_2: !!opencv-matrix
   rows: 2
   cols: 2
   dt: u
   data: [ 242, 248, 248, 255 ]
F_100_4_3: !!opencv-matrix
   rows: 3
   cols: 3
   dt: u
   data: [ 7, 42, 7, 42, 255, 44, 7, 44, 8 ]
F_100_4_4: !!opencv-matrix
   rows: 4
   cols: 4
   dt: u
   data: [ 2, 20, 20, 2, 20, 250, 252, 21, 20, 252, 255, 21, 2, 21, 21,
       2 ]
F_100_4_5: !!opencv-matrix
   rows: 5
   cols: 5
   dt: u
   data: [ 0, 3, 7, 3, 0, 3, 56, 120, 57, 3, 7, 120, 255, 121, 7, 3, 57,
       121, 58, 3, 0, 3, 7, 3, 0 ]
F_100_5_1: !!opencv-matrix
   rows: 1
   cols: 1
   dt: u
   data: [ 255 ]
F_100_5_2: !!opencv-matrix
   rows: 2
   cols: 2
   dt: u
   data: [ 240, 248, 248, 255 ]
F_100_5_3: !!opencv-matrix
   rows: 3
   cols: 3
   dt: u
   data: [ 4, 33, 4, 33, 255, 34, 4, 34, 5 ]
F_100_5_4: !!opencv-matrix
   rows: 4
   cols: 4
   dt: u
   data: [ 1, 13, 13, 1, 13, 249, 252, 13, 13, 252, 255, 14, 1, 13, 14,
       1 ]
F_100_5_5: !!opencv-matrix
   rows: 5
   cols: 5
   dt: u
   data: [ 0, 1, 3, 1, 0, 1, 41, 103, 42, 1, 3, 103, 255, 105, 4, 1, 42,
       105, 43, 1, 0, 1, 4, 1, 0 ]
F_100_6_1: !!opencv-matrix
   rows: 1
   cols: 1
   dt: u
   data: [ 255 ]
F_100_6_2: !!opencv-matrix
   rows: 2
   cols: 2
   dt: u
   data: [ 239, 247, 247, 255 ]
F_100_6_3: !!opencv-matrix
   rows: 3
   cols: 3
   dt: u
   data: [ 3, 26, 3, 26, 255, 27, 3, 27, 3 ]
F_100_6_4: !!opencv-matrix
   rows: 4
   cols: 4
   dt: u
   data: [ 0, 8, 8, 0, 8, 248, 251, 9, 8, 251, 255, 9, 0, 9, 9, 0 ]
