%YAML:1.0
---
Filtertable:
   F_100_10_15: !!opencv-matrix
      rows: 15
      cols: 15
      dt: u
      data: [ 0, 0, 0, 0, 0, 0, 0, 0, 0, 0, 0, 0, 0, 0, 0, 0, 0, 0, 0, 0,
          0, 0, 0, 0, 0, 0, 0, 0, 0, 0, 0, 0, 0, 0, 0, 0, 0, 0, 0, 0, 0,
          0, 0, 0, 0, 0, 0, 0, 0, 1, 2, 4, 5, 4, 2, 1, 0, 0, 0, 0, 0, 0,
          0, 1, 4, 14, 27, 33, 27, 14, 4, 1, 0, 0, 0, 0, 0, 0, 2, 14, 44,
          86, 106, 86, 45, 14, 2, 0, 0, 0, 0, 0, 0, 4, 27, 86, 166, 206,
          166, 86, 27, 5, 0, 0, 0, 0, 0, 0, 5, 33, 106, 206, 255, 206,
          107, 34, 6, 0, 0, 0, 0, 0, 0, 4, 27, 86, 166, 206, 167, 87, 27,
          5, 0, 0, 0, 0, 0, 0, 2, 14, 45, 86, 107, 87, 45, 14, 2, 0, 0,
          0, 0, 0, 0, 1, 4, 14, 27, 34, 27, 14, 4, 1, 0, 0, 0, 0, 0, 0,
          0, 1, 2, 5, 6, 5, 2, 1, 0, 0, 0, 0, 0, 0, 0, 0, 0, 0, 0, 0, 0,
          0, 0, 0, 0, 0, 0, 0, 0, 0, 0, 0, 0, 0, 0, 0, 0, 0, 0, 0, 0, 0,
          0, 0, 0, 0, 0, 0, 0, 0, 0, 0, 0, 0, 0, 0, 0 ]
Filtertable:
   F_100_10_14: !!opencv-matrix
      rows: 14
      cols: 14
      dt: u
      data: [ 0, 0, 0, 0, 0, 0, 0, 0, 0, 0, 0, 0, 0, 0, 0, 0, 0, 0, 0, 0,
          0, 0, 0, 0, 0, 0, 0, 0, 0, 0, 0, 0, 0, 0, 1, 1, 0, 0, 0, 0, 0,
          0, 0, 0, 0, 0, 2, 6, 10, 10, 6, 2, 0, 0, 0, 0, 0, 0, 0, 2, 12,
          33, 55, 55, 33, 12, 2, 0, 0, 0, 0, 0, 0, 6, 33, 94, 154, 155,
          95, 34, 6, 0, 0, 0, 0, 0, 1, 10, 55, 154, 254, 254, 156, 55,
          10, 1, 0, 0, 0, 0, 1, 10, 55, 155, 254, 255, 156, 55, 10, 1, 0,
          0, 0, 0, 0, 6, 33, 95, 156, 156, 95, 34, 6, 0, 0, 0, 0, 0, 0,
          2, 12, 34, 55, 55, 34, 12, 2, 0, 0, 0, 0, 0, 0, 0, 2, 6, 10,
          10, 6, 2, 0, 0, 0, 0, 0, 0, 0, 0, 0, 0, 1, 1, 0, 0, 0, 0, 0, 0,
          0, 0, 0, 0, 0, 0, 0, 0, 0, 0, 0, 0, 0, 0, 0, 0, 0, 0, 0, 0, 0,
          0, 0, 0, 0, 0, 0, 0 ]
Filtertable:
   F_100_10_13: !!opencv-matrix
      rows: 13
      cols: 13
      dt: u
      data: [ 0, 0, 0, 0, 0, 0, 0, 0, 0, 0, 0, 0, 0, 0, 0, 0, 0, 0, 0, 0,
          0, 0, 0, 0, 0, 0, 0, 0, 0, 0, 0, 1, 1, 1, 0, 0, 0, 0, 0, 0, 0,
          0, 1, 5, 12, 16, 12, 5, 1, 0, 0, 0, 0, 0, 0, 5, 25, 60, 80, 60,
          25, 5, 0, 0, 0, 0, 0, 1, 12, 60, 144, 192, 145, 61, 13, 1, 0,
          0, 0, 0, 1, 16, 80, 192, 255, 193, 81, 17, 1, 0, 0, 0, 0, 1,
          12, 60, 145, 193, 146, 61, 13, 1, 0, 0, 0, 0, 0, 5, 25, 61, 81,
          61, 25, 5, 0, 0, 0, 0, 0, 0, 1, 5, 13, 17, 13, 5, 1, 0, 0, 0,
          0, 0, 0, 0, 0, 1, 1, 1, 0, 0, 0, 0, 0, 0, 0, 0, 0, 0, 0, 0, 0,
          0, 0, 0, 0, 0, 0, 0, 0, 0, 0, 0, 0, 0, 0, 0, 0, 0, 0 ]
Filtertable:
   F_100_10_12: !!opencv-matrix
      rows: 12
      cols: 12
      dt: u
      data: [ 0, 0, 0, 0, 0, 0, 0, 0, 0, 0, 0, 0, 0, 0, 0, 0, 0, 0, 0, 0,
          0, 0, 0, 0, 0, 0, 0, 0, 1, 3, 3, 1, 0, 0, 0, 0, 0, 0, 0, 4, 16,
          31, 31, 16, 4, 0, 0, 0, 0, 0, 1, 16, 66, 130, 130, 67, 16, 1,
          0, 0, 0, 0, 3, 31, 130, 253, 254, 131, 32, 3, 0, 0, 0, 0, 3,
          31, 130, 254, 255, 131, 32, 3, 0, 0, 0, 0, 1, 16, 67, 131, 131,
          68, 16, 1, 0, 0, 0, 0, 0, 4, 16, 32, 32, 16, 4, 0, 0, 0, 0, 0,
          0, 0, 1, 3, 3, 1, 0, 0, 0, 0, 0, 0, 0, 0, 0, 0, 0, 0, 0, 0, 0,
          0, 0, 0, 0, 0, 0, 0, 0, 0, 0, 0, 0, 0 ]
Filtertable:
   F_100_10_11: !!opencv-matrix
      rows: 11
      cols: 11
      dt: u
      data: [ 0, 0, 0, 0, 0, 0, 0, 0, 0, 0, 0, 0, 0, 0, 0, 0, 0, 0, 0, 0,
          0, 0, 0, 0, 0, 1, 4, 5, 4, 1, 0, 0, 0, 0, 0, 1, 10, 34, 51, 34,
          10, 1, 0, 0, 0, 0, 4, 34, 116, 172, 117, 35, 4, 0, 0, 0, 0, 5,
          51, 172, 255, 174, 51, 5, 0, 0, 0, 0, 4, 34, 117, 174, 118, 35,
          4, 0, 0, 0, 0, 1, 10, 35, 51, 35, 10, 1, 0, 0, 0, 0, 0, 1, 4,
          5, 4, 1, 0, 0, 0, 0, 0, 0, 0, 0, 0, 0, 0, 0, 0, 0, 0, 0, 0, 0,
          0, 0, 0, 0, 0, 0, 0 ]
Filtertable:
   F_100_10_10: !!opencv-matrix
      rows: 10
      cols: 10
      dt: u
      data: [ 0, 0, 0, 0, 0, 0, 0, 0, 0, 0, 0, 0, 0, 0, 0, 0, 0, 0, 0, 0,
          0, 0, 1, 5, 12, 12, 5, 1, 0, 0, 0, 0, 5, 38, 97, 98, 38, 5, 0,
          0, 0, 0, 12, 97, 253, 254, 99, 12, 0, 0, 0, 0, 12, 98, 254,
          255, 99, 13, 0, 0, 0, 0, 5, 38, 99, 99, 39, 5, 0, 0, 0, 0, 1,
          5, 12, 13, 5, 1, 0, 0, 0, 0, 0, 0, 0, 0, 0, 0, 0, 0, 0, 0, 0,
          0, 0, 0, 0, 0, 0, 0 ]
Filtertable:
   F_100_9_14: !!opencv-matrix
      rows: 14
      cols: 14
      dt: u
      data: [ 0, 0, 0, 0, 0, 0, 0, 0, 0, 0, 0, 0, 0, 0, 0, 0, 0, 0, 0, 0,
          0, 0, 0, 0, 0, 0, 0, 0, 0, 0, 0, 0, 0, 1, 1, 1, 1, 0, 0, 0, 0,
          0, 0, 0, 0, 1, 3, 9, 14, 14, 9, 3, 1, 0, 0, 0, 0, 0, 0, 3, 16,
          40, 63, 63, 41, 16, 3, 0, 0, 0, 0, 0, 1, 9, 40, 103, 162, 162,
          104, 41, 9, 1, 0, 0, 0, 0, 1, 14, 63, 162, 254, 254, 163, 64,
          14, 1, 0, 0, 0, 0, 1, 14, 63, 162, 254, 255, 164, 64, 14, 1, 0,
          0, 0, 0, 1, 9, 41, 104, 163, 164, 105, 41, 9, 1, 0, 0, 0, 0, 0,
          3, 16, 41, 64, 64, 41, 16, 3, 0, 0, 0, 0, 0, 0, 1, 3, 9, 14,
          14, 9, 3, 1, 0, 0, 0, 0, 0, 0, 0, 0, 1, 1, 1, 1, 0, 0, 0, 0, 0,
          0, 0, 0, 0, 0, 0, 0, 0, 0, 0, 0, 0, 0, 0, 0, 0, 0, 0, 0, 0, 0,
          0, 0, 0, 0, 0, 0, 0 ]
Filtertable:
   F_100_9_13: !!opencv-matrix
      rows: 13
      cols: 13
      dt: u
      data: [ 0, 0, 0, 0, 0, 0, 0, 0, 0, 0, 0, 0, 0, 0, 0, 0, 0, 0, 0, 0,
          0, 0, 0, 0, 0, 0, 0, 0, 0, 0, 1, 2, 2, 2, 1, 0, 0, 0, 0, 0, 0,
          0, 2, 7, 16, 21, 16, 7, 2, 0, 0, 0, 0, 0, 1, 7, 31, 69, 89, 69,
          31, 8, 1, 0, 0, 0, 0, 2, 16, 69, 152, 197, 153, 69, 17, 2, 0,
          0, 0, 0, 2, 21, 89, 197, 255, 198, 90, 22, 2, 0, 0, 0, 0, 2,
          16, 69, 153, 198, 154, 70, 17, 2, 0, 0, 0, 0, 1, 7, 31, 69, 90,
          70, 32, 8, 1, 0, 0, 0, 0, 0, 2, 8, 17, 22, 17, 8, 2, 0, 0, 0,
          0, 0, 0, 0, 1, 2, 2, 2, 1, 0, 0, 0, 0, 0, 0, 0, 0, 0, 0, 0, 0,
          0, 0, 0, 0, 0, 0, 0, 0, 0, 0, 0, 0, 0, 0, 0, 0, 0, 0 ]
Filtertable:
   F_100_9_12: !!opencv-matrix
      rows: 12
      cols: 12
      dt: u
      data: [ 0, 0, 0, 0, 0, 0, 0, 0, 0, 0, 0, 0, 0, 0, 0, 0, 0, 0, 0, 0,
          0, 0, 0, 0, 0, 0, 0, 1, 2, 4, 4, 2, 1, 0, 0, 0, 0, 0, 1, 6, 21,
          38, 38, 21, 6, 1, 0, 0, 0, 0, 2, 21, 75, 138, 138, 76, 21, 2,
          0, 0, 0, 0, 4, 38, 138, 253, 254, 139, 39, 4, 0, 0, 0, 0, 4,
          38, 138, 254, 255, 140, 39, 4, 0, 0, 0, 0, 2, 21, 76, 139, 140,
          77, 21, 2, 0, 0, 0, 0, 1, 6, 21, 39, 39, 21, 6, 1, 0, 0, 0, 0,
          0, 1, 2, 4, 4, 2, 1, 0, 0, 0, 0, 0, 0, 0, 0, 0, 0, 0, 0, 0, 0,
          0, 0, 0, 0, 0, 0, 0, 0, 0, 0, 0, 0, 0 ]
Filtertable:
   F_100_9_11: !!opencv-matrix
      rows: 11
      cols: 11
      dt: u
      data: [ 0, 0, 0, 0, 0, 0, 0, 0, 0, 0, 0, 0, 0, 0, 0, 0, 0, 0, 0, 0,
          0, 0, 0, 0, 0, 2, 5, 7, 5, 2, 0, 0, 0, 0, 0, 2, 14, 41, 59, 42,
          14, 2, 0, 0, 0, 0, 5, 41, 125, 179, 126, 42, 5, 0, 0, 0, 0, 7,
          59, 179, 255, 180, 60, 8, 0, 0, 0, 0, 5, 42, 126, 180, 127, 42,
          5, 0, 0, 0, 0, 2, 14, 42, 60, 42, 14, 2, 0, 0, 0, 0, 0, 2, 5,
          8, 5, 2, 0, 0, 0, 0, 0, 0, 0, 0, 0, 0, 0, 0, 0, 0, 0, 0, 0, 0,
          0, 0, 0, 0, 0, 0, 0 ]
Filtertable:
   F_100_9_10: !!opencv-matrix
      rows: 10
      cols: 10
      dt: u
      data: [ 0, 0, 0, 0, 0, 0, 0, 0, 0, 0, 0, 0, 0, 0, 1, 1, 0, 0, 0, 0,
          0, 0, 1, 7, 16, 16, 7, 1, 0, 0, 0, 0, 7, 45, 106, 107, 45, 7,
          0, 0, 0, 1, 16, 106, 253, 254, 108, 16, 1, 0, 0, 1, 16, 107,
          254, 255, 108, 16, 1, 0, 0, 0, 7, 45, 108, 108, 46, 7, 0, 0, 0,
          0, 1, 7, 16, 16, 7, 1, 0, 0, 0, 0, 0, 0, 1, 1, 0, 0, 0, 0, 0,
          0, 0, 0, 0, 0, 0, 0, 0, 0 ]
Filtertable:
   F_100_8_14: !!opencv-matrix
      rows: 14
      cols: 14
      dt: u
      data: [ 0, 0, 0, 0, 0, 0, 0, 0, 0, 0, 0, 0, 0, 0, 0, 0, 0, 0, 0, 0,
          0, 0, 0, 0, 0, 0, 0, 0, 0, 0, 0, 0, 1, 1, 2, 2, 1, 1, 0, 0, 0,
          0, 0, 0, 0, 1, 5, 12, 19, 19, 12, 5, 1, 0, 0, 0, 0, 0, 1, 5,
          21, 49, 73, 74, 49, 21, 5, 1, 0, 0, 0, 0, 1, 12, 49, 114, 170,
          170, 115, 50, 13, 2, 0, 0, 0, 0, 2, 19, 73, 170, 254, 254, 171,
          74, 19, 2, 0, 0, 0, 0, 2, 19, 74, 170, 254, 255, 171, 74, 19,
          2, 0, 0, 0, 0, 1, 12, 49, 115, 171, 171, 115, 50, 13, 2, 0, 0,
          0, 0, 1, 5, 21, 50, 74, 74, 50, 22, 6, 1, 0, 0, 0, 0, 0, 1, 5,
          13, 19, 19, 13, 6, 1, 0, 0, 0, 0, 0, 0, 0, 1, 2, 2, 2, 2, 1, 0,
          0, 0, 0, 0, 0, 0, 0, 0, 0, 0, 0, 0, 0, 0, 0, 0, 0, 0, 0, 0, 0,
          0, 0, 0, 0, 0, 0, 0, 0, 0, 0 ]
Filtertable:
   F_100_8_13: !!opencv-matrix
      rows: 13
      cols: 13
      dt: u
      data: [ 0, 0, 0, 0, 0, 0, 0, 0, 0, 0, 0, 0, 0, 0, 0, 0, 0, 0, 0, 0,
          0, 0, 0, 0, 0, 0, 0, 0, 0, 0, 1, 3, 4, 3, 1, 0, 0, 0, 0, 0, 0,
          0, 3, 11, 22, 28, 22, 11, 3, 0, 0, 0, 0, 0, 1, 11, 39, 79, 99,
          79, 39, 11, 1, 0, 0, 0, 0, 3, 22, 79, 161, 203, 162, 80, 22, 3,
          0, 0, 0, 0, 4, 28, 99, 203, 255, 204, 100, 28, 4, 0, 0, 0, 0,
          3, 22, 79, 162, 204, 162, 80, 22, 3, 0, 0, 0, 0, 1, 11, 39, 80,
          100, 80, 40, 11, 1, 0, 0, 0, 0, 0, 3, 11, 22, 28, 22, 11, 3, 0,
          0, 0, 0, 0, 0, 0, 1, 3, 4, 3, 1, 0, 0, 0, 0, 0, 0, 0, 0, 0, 0,
          0, 0, 0, 0, 0, 0, 0, 0, 0, 0, 0, 0, 0, 0, 0, 0, 0, 0, 0, 0 ]
Filtertable:
   F_100_8_12: !!opencv-matrix
      rows: 12
      cols: 12
      dt: u
      data: [ 0, 0, 0, 0, 0, 0, 0, 0, 0, 0, 0, 0, 0, 0, 0, 0, 0, 0, 0, 0,
          0, 0, 0, 0, 0, 0, 0, 1, 4, 6, 6, 4, 1, 0, 0, 0, 0, 0, 1, 8, 27,
          46, 46, 27, 9, 1, 0, 0, 0, 0, 4, 27, 86, 147, 148, 86, 27, 4,
          0, 0, 0, 0, 6, 46, 147, 254, 254, 149, 47, 7, 0, 0, 0, 0, 6,
          46, 148, 254, 255, 149, 47, 7, 0, 0, 0, 0, 4, 27, 86, 149, 149,
          87, 28, 4, 0, 0, 0, 0, 1, 9, 27, 47, 47, 28, 9, 1, 0, 0, 0, 0,
          0, 1, 4, 7, 7, 4, 1, 0, 0, 0, 0, 0, 0, 0, 0, 0, 0, 0, 0, 0, 0,
          0, 0, 0, 0, 0, 0, 0, 0, 0, 0, 0, 0, 0 ]
Filtertable:
   F_100_8_11: !!opencv-matrix
      rows: 11
      cols: 11
      dt: u
      data: [ 0, 0, 0, 0, 0, 0, 0, 0, 0, 0, 0, 0, 0, 0, 0, 0, 0, 0, 0, 0,
          0, 0, 0, 0, 0, 3, 8, 11, 8, 3, 0, 0, 0, 0, 0, 3, 18, 50, 69,
          50, 19, 3, 0, 0, 0, 0, 8, 50, 135, 186, 136, 51, 8, 0, 0, 0, 0,
          11, 69, 186, 255, 187, 69, 11, 0, 0, 0, 0, 8, 50, 136, 187,
          137, 51, 8, 0, 0, 0, 0, 3, 19, 51, 69, 51, 19, 3, 0, 0, 0, 0,
          0, 3, 8, 11, 8, 3, 0, 0, 0, 0, 0, 0, 0, 0, 0, 0, 0, 0, 0, 0, 0,
          0, 0, 0, 0, 0, 0, 0, 0, 0, 0 ]
Filtertable:
   F_100_8_10: !!opencv-matrix
      rows: 10
      cols: 10
      dt: u
      data: [ 0, 0, 0, 0, 0, 0, 0, 0, 0, 0, 0, 0, 0, 0, 1, 1, 0, 0, 0, 0,
          0, 0, 2, 10, 21, 21, 10, 2, 0, 0, 0, 0, 10, 54, 116, 117, 54,
          10, 0, 0, 0, 1, 21, 116, 253, 254, 118, 22, 1, 0, 0, 1, 21,
          117, 254, 255, 118, 22, 1, 0, 0, 0, 10, 54, 118, 118, 55, 10,
          0, 0, 0, 0, 2, 10, 22, 22, 10, 2, 0, 0, 0, 0, 0, 0, 1, 1, 0, 0,
          0, 0, 0, 0, 0, 0, 0, 0, 0, 0, 0, 0 ]
Filtertable:
   F_100_7_14: !!opencv-matrix
      rows: 14
      cols: 14
      dt: u
      data: [ 0, 0, 0, 0, 0, 0, 0, 0, 0, 0, 0, 0, 0, 0, 0, 0, 0, 0, 0, 0,
          0, 0, 0, 0, 0, 0, 0, 0, 0, 0, 0, 0, 1, 3, 4, 4, 3, 1, 0, 0, 0,
          0, 0, 0, 0, 3, 9, 18, 25, 25, 18, 9, 3, 0, 0, 0, 0, 0, 1, 9,
          29, 60, 85, 85, 60, 29, 9, 1, 0, 0, 0, 0, 3, 18, 60, 126, 179,
          179, 126, 61, 18, 3, 0, 0, 0, 0, 4, 25, 85, 179, 254, 255, 180,
          86, 26, 4, 0, 0, 0, 0, 4, 25, 85, 179, 255, 255, 180, 86, 26,
          4, 0, 0, 0, 0, 3, 18, 60, 126, 180, 180, 127, 61, 18, 3, 0, 0,
          0, 0, 1, 9, 29, 61, 86, 86, 61, 29, 9, 1, 0, 0, 0, 0, 0, 3, 9,
          18, 26, 26, 18, 9, 3, 0, 0, 0, 0, 0, 0, 0, 1, 3, 4, 4, 3, 1, 0,
          0, 0, 0, 0, 0, 0, 0, 0, 0, 0, 0, 0, 0, 0, 0, 0, 0, 0, 0, 0, 0,
          0, 0, 0, 0, 0, 0, 0, 0, 0, 0 ]
Filtertable:
   F_100_7_13: !!opencv-matrix
      rows: 13
      cols: 13
      dt: u
      data: [ 0, 0, 0, 0, 0, 0, 0, 0, 0, 0, 0, 0, 0, 0, 0, 0, 0, 0, 0, 0,
          0, 0, 0, 0, 0, 0, 0, 0, 0, 1, 3, 5, 6, 5, 3, 1, 0, 0, 0, 0, 0,
          1, 5, 16, 29, 36, 30, 16, 5, 1, 0, 0, 0, 0, 3, 16, 49, 91, 111,
          91, 49, 16, 3, 0, 0, 0, 0, 5, 29, 91, 170, 208, 171, 92, 30, 5,
          0, 0, 0, 0, 6, 36, 111, 208, 255, 209, 112, 37, 6, 0, 0, 0, 0,
          5, 30, 91, 171, 209, 172, 92, 30, 5, 0, 0, 0, 0, 3, 16, 49, 92,
          112, 92, 50, 16, 3, 0, 0, 0, 0, 1, 5, 16, 30, 37, 30, 16, 5, 1,
          0, 0, 0, 0, 0, 1, 3, 5, 6, 5, 3, 1, 0, 0, 0, 0, 0, 0, 0, 0, 0,
          0, 0, 0, 0, 0, 0, 0, 0, 0, 0, 0, 0, 0, 0, 0, 0, 0, 0, 0, 0 ]
Filtertable:
   F_100_7_12: !!opencv-matrix
      rows: 12
      cols: 12
      dt: u
      data: [ 0, 0, 0, 0, 0, 0, 0, 0, 0, 0, 0, 0, 0, 0, 0, 0, 0, 1, 1, 0,
          0, 0, 0, 0, 0, 0, 0, 2, 6, 10, 10, 6, 2, 0, 0, 0, 0, 0, 2, 13,
          35, 57, 57, 35, 13, 2, 0, 0, 0, 0, 6, 35, 98, 157, 158, 98, 36,
          6, 0, 0, 0, 1, 10, 57, 157, 254, 254, 158, 57, 10, 1, 0, 0, 1,
          10, 57, 158, 254, 255, 159, 58, 10, 1, 0, 0, 0, 6, 35, 98, 158,
          159, 99, 36, 6, 0, 0, 0, 0, 2, 13, 36, 57, 58, 36, 13, 2, 0, 0,
          0, 0, 0, 2, 6, 10, 10, 6, 2, 0, 0, 0, 0, 0, 0, 0, 0, 1, 1, 0,
          0, 0, 0, 0, 0, 0, 0, 0, 0, 0, 0, 0, 0, 0, 0, 0 ]
Filtertable:
   F_100_7_11: !!opencv-matrix
      rows: 11
      cols: 11
      dt: u
      data: [ 0, 0, 0, 0, 0, 0, 0, 0, 0, 0, 0, 0, 0, 0, 0, 1, 1, 1, 0, 0,
          0, 0, 0, 0, 1, 5, 12, 16, 12, 5, 1, 0, 0, 0, 0, 5, 25, 60, 80,
          61, 25, 5, 0, 0, 0, 1, 12, 60, 146, 193, 146, 61, 12, 1, 0, 0,
          1, 16, 80, 193, 255, 194, 81, 16, 1, 0, 0, 1, 12, 61, 146, 194,
          147, 62, 12, 1, 0, 0, 0, 5, 25, 61, 81, 62, 26, 5, 0, 0, 0, 0,
          1, 5, 12, 16, 12, 5, 1, 0, 0, 0, 0, 0, 0, 1, 1, 1, 0, 0, 0, 0,
          0, 0, 0, 0, 0, 0, 0, 0, 0, 0, 0 ]
Filtertable:
   F_100_9_15: !!opencv-matrix
      rows: 15
      cols: 15
      dt: u
      data: [ 0, 0, 0, 0, 0, 0, 0, 0, 0, 0, 0, 0, 0, 0, 0, 0, 0, 0, 0, 0,
          0, 0, 0, 0, 0, 0, 0, 0, 0, 0, 0, 0, 0, 0, 0, 0, 1, 1, 1, 0, 0,
          0, 0, 0, 0, 0, 0, 0, 0, 1, 4, 7, 8, 7, 4, 1, 0, 0, 0, 0, 0, 0,
          0, 1, 6, 18, 33, 40, 33, 18, 6, 1, 0, 0, 0, 0, 0, 0, 4, 18, 52,
          95, 115, 95, 53, 18, 4, 0, 0, 0, 0, 0, 1, 7, 33, 95, 173, 210,
          173, 96, 34, 7, 1, 0, 0, 0, 0, 1, 8, 40, 115, 210, 255, 211,
          116, 41, 8, 1, 0, 0, 0, 0, 1, 7, 33, 95, 173, 211, 174, 96, 34,
          7, 1, 0, 0, 0, 0, 0, 4, 18, 53, 96, 116, 96, 53, 19, 4, 0, 0,
          0, 0, 0, 0, 1, 6, 18, 34, 41, 34, 19, 7, 1, 0, 0, 0, 0, 0, 0,
          0, 1, 4, 7, 8, 7, 4, 1, 0, 0, 0, 0, 0, 0, 0, 0, 0, 0, 1, 1, 1,
          0, 0, 0, 0, 0, 0, 0, 0, 0, 0, 0, 0, 0, 0, 0, 0, 0, 0, 0, 0, 0,
          0, 0, 0, 0, 0, 0, 0, 0, 0, 0, 0, 0, 0, 0, 0 ]
Filtertable:
   F_100_7_10: !!opencv-matrix
      rows: 10
      cols: 10
      dt: u
      data: [ 0, 0, 0, 0, 0, 0, 0, 0, 0, 0, 0, 0, 0, 1, 2, 2, 1, 0, 0, 0,
          0, 0, 3, 14, 28, 28, 14, 3, 0, 0, 0, 1, 14, 64, 128, 128, 65,
          15, 1, 0, 0, 2, 28, 128, 253, 254, 129, 29, 2, 0, 0, 2, 28,
          128, 254, 255, 129, 29, 2, 0, 0, 1, 14, 65, 129, 129, 66, 15,
          1, 0, 0, 0, 3, 15, 29, 29, 15, 3, 0, 0, 0, 0, 0, 1, 2, 2, 1, 0,
          0, 0, 0, 0, 0, 0, 0, 0, 0, 0, 0, 0 ]
Filtertable:
   F_100_6_15: !!opencv-matrix
      rows: 15
      cols: 15
      dt: u
      data: [ 0, 0, 0, 0, 0, 0, 0, 0, 0, 0, 0, 0, 0, 0, 0, 0, 0, 0, 0, 0,
          0, 0, 0, 0, 0, 0, 0, 0, 0, 0, 0, 0, 0, 0, 1, 3, 4, 5, 4, 3, 1,
          0, 0, 0, 0, 0, 0, 0, 2, 7, 14, 21, 24, 21, 14, 7, 2, 0, 0, 0,
          0, 0, 1, 7, 21, 43, 64, 73, 64, 43, 21, 7, 1, 0, 0, 0, 0, 3,
          14, 43, 88, 131, 149, 131, 88, 43, 14, 3, 0, 0, 0, 0, 4, 21,
          64, 131, 196, 224, 197, 132, 65, 22, 4, 0, 0, 0, 0, 5, 24, 73,
          149, 224, 255, 224, 150, 74, 25, 5, 0, 0, 0, 0, 4, 21, 64, 131,
          197, 224, 197, 132, 65, 22, 4, 0, 0, 0, 0, 3, 14, 43, 88, 132,
          150, 132, 89, 44, 14, 3, 0, 0, 0, 0, 1, 7, 21, 43, 65, 74, 65,
          44, 21, 7, 1, 0, 0, 0, 0, 0, 2, 7, 14, 22, 25, 22, 14, 7, 2, 0,
          0, 0, 0, 0, 0, 0, 1, 3, 4, 5, 4, 3, 1, 0, 0, 0, 0, 0, 0, 0, 0,
          0, 0, 0, 0, 0, 0, 0, 0, 0, 0, 0, 0, 0, 0, 0, 0, 0, 0, 0, 0, 0,
          0, 0, 0, 0, 0 ]
Filtertable:
   F_100_4_10: !!opencv-matrix
      rows: 10
      cols: 10
      dt: u
      data: [ 0, 0, 0, 0, 0, 0, 0, 0, 0, 0, 0, 1, 4, 9, 13, 13, 9, 4, 1,
          0, 0, 4, 19, 47, 70, 70, 47, 19, 4, 0, 0, 9, 47, 114, 170, 170,
          114, 47, 9, 0, 0, 13, 70, 170, 254, 255, 171, 70, 14, 1, 0, 13,
          70, 170, 255, 255, 171, 71, 14, 1, 0, 9, 47, 114, 171, 171,
          115, 47, 9, 0, 0, 4, 19, 47, 70, 71, 47, 20, 4, 0, 0, 1, 4, 9,
          14, 14, 9, 4, 1, 0, 0, 0, 0, 0, 1, 1, 0, 0, 0, 0 ]
Filtertable:
   F_100_2_13: !!opencv-matrix
      rows: 13
      cols: 13
      dt: u
      data: [ 0, 1, 2, 3, 4, 5, 5, 5, 4, 3, 2, 1, 0, 1, 4, 11, 18, 26,
          31, 33, 31, 26, 19, 11, 4, 1, 2, 11, 27, 46, 65, 78, 83, 78,
          65, 47, 27, 11, 2, 3, 18, 46, 80, 112, 135, 143, 135, 112, 81,
          47, 19, 3, 4, 26, 65, 112, 157, 188, 200, 189, 157, 113, 65,
          26, 4, 5, 31, 78, 135, 188, 226, 240, 227, 189, 135, 79, 31, 5,
          5, 33, 83, 143, 200, 240, 255, 241, 200, 144, 83, 33, 5, 5, 31,
          78, 135, 189, 227, 241, 227, 189, 136, 79, 31, 5, 4, 26, 65,
          112, 157, 189, 200, 189, 158, 113, 66, 26, 4, 3, 19, 47, 81,
          113, 135, 144, 136, 113, 81, 47, 19, 3, 2, 11, 27, 47, 65, 79,
          83, 79, 66, 47, 27, 11, 2, 1, 4, 11, 19, 26, 31, 33, 31, 26,
          19, 11, 4, 1, 0, 1, 2, 3, 4, 5, 5, 5, 4, 3, 2, 1, 0 ]
Filtertable:
   F_100_3_12: !!opencv-matrix
      rows: 12
      cols: 12
      dt: u
      data: [ 0, 0, 0, 1, 1, 1, 1, 1, 1, 0, 0, 0, 0, 1, 4, 8, 13, 16, 16,
          13, 8, 4, 1, 0, 0, 4, 14, 31, 49, 60, 60, 49, 31, 14, 4, 0, 1,
          8, 31, 68, 106, 131, 131, 107, 68, 31, 8, 1, 1, 13, 49, 106,
          167, 206, 206, 168, 107, 49, 13, 1, 1, 16, 60, 131, 206, 254,
          255, 207, 132, 61, 16, 1, 1, 16, 60, 131, 206, 255, 255, 207,
          132, 61, 16, 1, 1, 13, 49, 107, 168, 207, 207, 168, 107, 50,
          13, 1, 1, 8, 31, 68, 107, 132, 132, 107, 69, 32, 8, 1, 0, 4,
          14, 31, 49, 61, 61, 50, 32, 15, 4, 0, 0, 1, 4, 8, 13, 16, 16,
          13, 8, 4, 1, 0, 0, 0, 0, 1, 1, 1, 1, 1, 1, 0, 0, 0 ]
Filtertable:
   F_100_3_11: !!opencv-matrix
      rows: 11
      cols: 11
      dt: u
      data: [ 0, 0, 0, 1, 1, 1, 1, 1, 0, 0, 0, 0, 2, 6, 12, 18, 20, 18,
          12, 6, 2, 0, 0, 6, 21, 44, 65, 73, 65, 44, 21, 6, 0, 1, 12, 44,
          91, 135, 153, 135, 92, 44, 12, 1, 1, 18, 65, 135, 199, 225,
          200, 136, 65, 18, 1, 1, 20, 73, 153, 225, 255, 226, 154, 74,
          20, 1, 1, 18, 65, 135, 200, 226, 200, 136, 65, 18, 1, 1, 12,
          44, 92, 136, 154, 136, 92, 44, 12, 1, 0, 6, 21, 44, 65, 74, 65,
          44, 21, 6, 0, 0, 2, 6, 12, 18, 20, 18, 12, 6, 2, 0, 0, 0, 0, 1,
          1, 1, 1, 1, 0, 0, 0 ]
Filtertable:
   F_100_2_15: !!opencv-matrix
      rows: 15
      cols: 15
      dt: u
      data: [ 0, 0, 1, 2, 2, 3, 3, 4, 3, 3, 2, 2, 1, 0, 0, 0, 2, 6, 11,
          16, 21, 24, 25, 24, 21, 16, 11, 6, 2, 0, 1, 6, 16, 29, 42, 54,
          61, 64, 61, 54, 42, 29, 16, 6, 1, 2, 11, 29, 51, 75, 95, 109,
          114, 110, 96, 75, 52, 29, 11, 2, 2, 16, 42, 75, 109, 139, 160,
          167, 160, 140, 110, 75, 42, 17, 2, 3, 21, 54, 95, 139, 178,
          204, 213, 204, 178, 140, 96, 54, 21, 3, 3, 24, 61, 109, 160,
          204, 233, 244, 234, 204, 160, 110, 62, 24, 4, 4, 25, 64, 114,
          167, 213, 244, 255, 244, 213, 167, 115, 65, 25, 4, 3, 24, 61,
          110, 160, 204, 234, 244, 234, 204, 160, 110, 62, 24, 4, 3, 21,
          54, 96, 140, 178, 204, 213, 204, 178, 140, 96, 54, 21, 3, 2,
          16, 42, 75, 110, 140, 160, 167, 160, 140, 110, 75, 42, 17, 2,
          2, 11, 29, 52, 75, 96, 110, 115, 110, 96, 75, 52, 29, 11, 2, 1,
          6, 16, 29, 42, 54, 62, 65, 62, 54, 42, 29, 16, 6, 1, 0, 2, 6,
          11, 17, 21, 24, 25, 24, 21, 17, 11, 6, 3, 0, 0, 0, 1, 2, 2, 3,
          4, 4, 4, 3, 2, 2, 1, 0, 0 ]
Filtertable:
   F_100_4_12: !!opencv-matrix
      rows: 12
      cols: 12
      dt: u
      data: [ 0, 0, 0, 0, 0, 0, 0, 0, 0, 0, 0, 0, 0, 0, 1, 3, 5, 7, 7, 5,
          3, 1, 0, 0, 0, 1, 6, 16, 29, 38, 38, 29, 16, 6, 1, 0, 0, 3, 16,
          44, 80, 106, 106, 81, 44, 16, 3, 0, 0, 5, 29, 80, 146, 192,
          193, 146, 81, 29, 5, 0, 0, 7, 38, 106, 192, 254, 255, 193, 107,
          39, 7, 0, 0, 7, 38, 106, 193, 255, 255, 194, 107, 39, 7, 0, 0,
          5, 29, 81, 146, 193, 194, 147, 81, 29, 5, 0, 0, 3, 16, 44, 81,
          107, 107, 81, 45, 16, 3, 0, 0, 1, 6, 16, 29, 39, 39, 29, 16, 6,
          1, 0, 0, 0, 1, 3, 5, 7, 7, 5, 3, 1, 0, 0, 0, 0, 0, 0, 0, 0, 0,
          0, 0, 0, 0, 0 ]
Filtertable:
   F_100_2_14: !!opencv-matrix
      rows: 14
      cols: 14
      dt: u
      data: [ 0, 0, 1, 2, 3, 4, 4, 4, 4, 3, 2, 1, 0, 0, 0, 3, 8, 15, 21,
          26, 29, 29, 26, 21, 15, 8, 3, 0, 1, 8, 21, 37, 53, 66, 74, 74,
          66, 54, 37, 21, 8, 1, 2, 15, 37, 66, 94, 117, 129, 129, 117,
          94, 66, 38, 15, 2, 3, 21, 53, 94, 134, 167, 185, 185, 167, 135,
          94, 54, 21, 3, 4, 26, 66, 117, 167, 207, 230, 230, 208, 167,
          117, 67, 26, 4, 4, 29, 74, 129, 185, 230, 255, 255, 230, 186,
          130, 74, 29, 4, 4, 29, 74, 129, 185, 230, 255, 255, 230, 186,
          130, 74, 29, 4, 4, 26, 66, 117, 167, 208, 230, 230, 208, 168,
          117, 67, 26, 4, 3, 21, 54, 94, 135, 167, 186, 186, 168, 135,
          95, 54, 21, 3, 2, 15, 37, 66, 94, 117, 130, 130, 117, 95, 66,
          38, 15, 2, 1, 8, 21, 38, 54, 67, 74, 74, 67, 54, 38, 22, 9, 1,
          0, 3, 8, 15, 21, 26, 29, 29, 26, 21, 15, 9, 3, 1, 0, 0, 1, 2,
          3, 4, 4, 4, 4, 3, 2, 1, 1, 0 ]
Filtertable:
   F_100_4_11: !!opencv-matrix
      rows: 11
      cols: 11
      dt: u
      data: [ 0, 0, 0, 0, 0, 0, 0, 0, 0, 0, 0, 0, 0, 2, 5, 8, 9, 8, 5, 2,
          0, 0, 0, 2, 9, 25, 42, 49, 42, 25, 10, 2, 0, 0, 5, 25, 66, 110,
          129, 110, 66, 25, 5, 0, 0, 8, 42, 110, 184, 217, 184, 111, 42,
          8, 0, 0, 9, 49, 129, 217, 255, 217, 130, 50, 9, 0, 0, 8, 42,
          110, 184, 217, 185, 111, 42, 8, 0, 0, 5, 25, 66, 111, 130, 111,
          67, 25, 5, 0, 0, 2, 10, 25, 42, 50, 42, 25, 10, 2, 0, 0, 0, 2,
          5, 8, 9, 8, 5, 2, 0, 0, 0, 0, 0, 0, 0, 0, 0, 0, 0, 0, 0 ]
Filtertable:
   F_100_3_15: !!opencv-matrix
      rows: 15
      cols: 15
      dt: u
      data: [ 0, 0, 0, 0, 0, 0, 1, 1, 1, 0, 0, 0, 0, 0, 0, 0, 0, 1, 2, 4,
          6, 8, 8, 8, 6, 4, 3, 1, 0, 0, 0, 1, 4, 10, 17, 25, 31, 33, 31,
          25, 17, 10, 4, 1, 0, 0, 2, 10, 23, 41, 59, 72, 77, 72, 59, 41,
          24, 10, 3, 0, 0, 4, 17, 41, 72, 103, 127, 135, 127, 104, 72,
          41, 18, 4, 0, 0, 6, 25, 59, 103, 148, 182, 195, 182, 149, 104,
          59, 25, 6, 0, 1, 8, 31, 72, 127, 182, 223, 239, 224, 183, 127,
          73, 31, 8, 1, 1, 8, 33, 77, 135, 195, 239, 255, 239, 195, 136,
          78, 33, 8, 1, 1, 8, 31, 72, 127, 182, 224, 239, 224, 183, 128,
          73, 31, 8, 1, 0, 6, 25, 59, 104, 149, 183, 195, 183, 149, 104,
          59, 25, 6, 0, 0, 4, 17, 41, 72, 104, 127, 136, 128, 104, 73,
          41, 18, 4, 0, 0, 3, 10, 24, 41, 59, 73, 78, 73, 59, 41, 24, 10,
          3, 0, 0, 1, 4, 10, 18, 25, 31, 33, 31, 25, 18, 10, 4, 1, 0, 0,
          0, 1, 3, 4, 6, 8, 8, 8, 6, 4, 3, 1, 0, 0, 0, 0, 0, 0, 0, 0, 1,
          1, 1, 0, 0, 0, 0, 0, 0 ]
Filtertable:
   F_100_5_12: !!opencv-matrix
      rows: 12
      cols: 12
      dt: u
      data: [ 0, 0, 0, 0, 0, 0, 0, 0, 0, 0, 0, 0, 0, 0, 0, 1, 2, 3, 3, 2,
          1, 0, 0, 0, 0, 0, 2, 8, 17, 24, 24, 17, 8, 2, 0, 0, 0, 1, 8,
          29, 61, 86, 86, 61, 29, 8, 1, 0, 0, 2, 17, 61, 127, 180, 180,
          128, 61, 17, 2, 0, 0, 3, 24, 86, 180, 254, 255, 181, 87, 25, 3,
          0, 0, 3, 24, 86, 180, 255, 255, 181, 87, 25, 3, 0, 0, 2, 17,
          61, 128, 181, 181, 129, 62, 17, 2, 0, 0, 1, 8, 29, 61, 87, 87,
          62, 30, 8, 1, 0, 0, 0, 2, 8, 17, 25, 25, 17, 8, 2, 0, 0, 0, 0,
          0, 1, 2, 3, 3, 2, 1, 0, 0, 0, 0, 0, 0, 0, 0, 0, 0, 0, 0, 0, 0,
          0 ]
Filtertable:
   F_100_2_12: !!opencv-matrix
      rows: 12
      cols: 12
      dt: u
      data: [ 0, 1, 2, 4, 5, 6, 6, 5, 4, 2, 1, 0, 1, 6, 15, 25, 34, 39,
          39, 34, 25, 15, 6, 1, 2, 15, 37, 62, 84, 97, 97, 84, 62, 37,
          15, 2, 4, 25, 62, 105, 142, 163, 163, 142, 105, 62, 25, 4, 5,
          34, 84, 142, 192, 221, 221, 192, 142, 84, 34, 5, 6, 39, 97,
          163, 221, 255, 255, 222, 164, 97, 39, 6, 6, 39, 97, 163, 221,
          255, 255, 222, 164, 97, 39, 6, 5, 34, 84, 142, 192, 222, 222,
          193, 143, 85, 34, 5, 4, 25, 62, 105, 142, 164, 164, 143, 106,
          63, 25, 4, 2, 15, 37, 62, 84, 97, 97, 85, 63, 37, 15, 2, 1, 6,
          15, 25, 34, 39, 39, 34, 25, 15, 6, 1, 0, 1, 2, 4, 5, 6, 6, 5,
          4, 2, 1, 0 ]
Filtertable:
   F_100_3_14: !!opencv-matrix
      rows: 14
      cols: 14
      dt: u
      data: [ 0, 0, 0, 0, 0, 1, 1, 1, 1, 0, 0, 0, 0, 0, 0, 0, 2, 4, 6, 9,
          10, 10, 9, 6, 4, 2, 0, 0, 0, 2, 6, 15, 25, 34, 40, 40, 34, 25,
          15, 6, 2, 0, 0, 4, 15, 34, 57, 79, 93, 93, 80, 58, 34, 15, 4,
          0, 0, 6, 25, 57, 98, 135, 158, 158, 136, 98, 58, 25, 6, 0, 1,
          9, 34, 79, 135, 187, 218, 218, 188, 136, 80, 35, 9, 1, 1, 10,
          40, 93, 158, 218, 255, 255, 219, 159, 93, 41, 10, 1, 1, 10, 40,
          93, 158, 218, 255, 255, 219, 159, 93, 41, 10, 1, 1, 9, 34, 80,
          136, 188, 219, 219, 188, 136, 80, 35, 9, 1, 0, 6, 25, 58, 98,
          136, 159, 159, 136, 99, 58, 25, 6, 0, 0, 4, 15, 34, 58, 80, 93,
          93, 80, 58, 34, 15, 4, 0, 0, 2, 6, 15, 25, 35, 41, 41, 35, 25,
          15, 6, 2, 0, 0, 0, 2, 4, 6, 9, 10, 10, 9, 6, 4, 2, 0, 0, 0, 0,
          0, 0, 0, 1, 1, 1, 1, 0, 0, 0, 0, 0 ]
Filtertable:
   F_100_5_11: !!opencv-matrix
      rows: 11
      cols: 11
      dt: u
      data: [ 0, 0, 0, 0, 0, 0, 0, 0, 0, 0, 0, 0, 0, 1, 2, 3, 4, 3, 2, 1,
          0, 0, 0, 1, 4, 14, 27, 33, 27, 14, 4, 1, 0, 0, 2, 14, 47, 90,
          110, 90, 48, 15, 2, 0, 0, 3, 27, 90, 170, 208, 171, 91, 28, 3,
          0, 0, 4, 33, 110, 208, 255, 209, 111, 34, 4, 0, 0, 3, 27, 90,
          171, 209, 171, 91, 28, 3, 0, 0, 2, 14, 48, 91, 111, 91, 48, 15,
          2, 0, 0, 1, 4, 15, 28, 34, 28, 15, 4, 1, 0, 0, 0, 1, 2, 3, 4,
          3, 2, 1, 0, 0, 0, 0, 0, 0, 0, 0, 0, 0, 0, 0, 0 ]
Filtertable:
   F_100_2_11: !!opencv-matrix
      rows: 11
      cols: 11
      dt: u
      data: [ 0, 1, 3, 5, 6, 7, 6, 5, 3, 1, 0, 1, 8, 19, 32, 42, 45, 42,
          32, 20, 8, 1, 3, 19, 47, 78, 101, 110, 101, 78, 48, 20, 3, 5,
          32, 78, 128, 166, 181, 167, 128, 78, 32, 5, 6, 42, 101, 166,
          216, 235, 216, 167, 102, 42, 6, 7, 45, 110, 181, 235, 255, 235,
          181, 111, 46, 7, 6, 42, 101, 167, 216, 235, 217, 167, 102, 42,
          6, 5, 32, 78, 128, 167, 181, 167, 129, 79, 33, 5, 3, 20, 48,
          78, 102, 111, 102, 79, 48, 20, 3, 1, 8, 20, 32, 42, 46, 42, 33,
          20, 8, 1, 0, 1, 3, 5, 6, 7, 6, 5, 3, 1, 0 ]
Filtertable:
   F_100_3_13: !!opencv-matrix
      rows: 13
      cols: 13
      dt: u
      data: [ 0, 0, 0, 0, 1, 1, 1, 1, 1, 0, 0, 0, 0, 0, 1, 2, 5, 9, 11,
          12, 11, 9, 5, 2, 1, 0, 0, 2, 9, 20, 33, 44, 48, 44, 33, 20, 9,
          2, 0, 0, 5, 20, 46, 75, 99, 108, 99, 75, 46, 20, 5, 0, 1, 9,
          33, 75, 123, 162, 177, 163, 124, 75, 34, 9, 1, 1, 11, 44, 99,
          162, 214, 233, 214, 163, 99, 44, 12, 1, 1, 12, 48, 108, 177,
          233, 255, 234, 178, 109, 48, 13, 1, 1, 11, 44, 99, 163, 214,
          234, 214, 163, 99, 44, 12, 1, 1, 9, 33, 75, 124, 163, 178, 163,
          124, 76, 34, 9, 1, 0, 5, 20, 46, 75, 99, 109, 99, 76, 46, 21,
          5, 0, 0, 2, 9, 20, 34, 44, 48, 44, 34, 21, 9, 2, 0, 0, 1, 2, 5,
          9, 12, 13, 12, 9, 5, 2, 1, 0, 0, 0, 0, 0, 1, 1, 1, 1, 1, 0, 0,
          0, 0 ]
Filtertable:
   F_100_7_15: !!opencv-matrix
      rows: 15
      cols: 15
      dt: u
      data: [ 0, 0, 0, 0, 0, 0, 0, 0, 0, 0, 0, 0, 0, 0, 0, 0, 0, 0, 0, 0,
          0, 0, 0, 0, 0, 0, 0, 0, 0, 0, 0, 0, 0, 0, 1, 1, 2, 2, 2, 1, 1,
          0, 0, 0, 0, 0, 0, 0, 1, 4, 9, 14, 17, 14, 9, 4, 1, 0, 0, 0, 0,
          0, 1, 4, 14, 32, 51, 60, 52, 32, 14, 4, 1, 0, 0, 0, 0, 1, 9,
          32, 74, 118, 137, 118, 74, 33, 9, 1, 0, 0, 0, 0, 2, 14, 51,
          118, 188, 219, 188, 118, 52, 15, 2, 0, 0, 0, 0, 2, 17, 60, 137,
          219, 255, 220, 138, 60, 17, 2, 0, 0, 0, 0, 2, 14, 52, 118, 188,
          220, 189, 119, 52, 15, 2, 0, 0, 0, 0, 1, 9, 32, 74, 118, 138,
          119, 75, 33, 9, 1, 0, 0, 0, 0, 1, 4, 14, 33, 52, 60, 52, 33,
          14, 4, 1, 0, 0, 0, 0, 0, 1, 4, 9, 15, 17, 15, 9, 4, 1, 0, 0, 0,
          0, 0, 0, 0, 1, 1, 2, 2, 2, 1, 1, 0, 0, 0, 0, 0, 0, 0, 0, 0, 0,
          0, 0, 0, 0, 0, 0, 0, 0, 0, 0, 0, 0, 0, 0, 0, 0, 0, 0, 0, 0, 0,
          0, 0, 0 ]
Filtertable:
   F_100_5_10: !!opencv-matrix
      rows: 10
      cols: 10
      dt: u
      data: [ 0, 0, 0, 0, 0, 0, 0, 0, 0, 0, 0, 0, 1, 4, 7, 7, 4, 1, 0, 0,
          0, 1, 10, 31, 51, 51, 31, 10, 1, 0, 0, 4, 31, 94, 154, 154, 94,
          32, 4, 0, 0, 7, 51, 154, 254, 254, 155, 52, 7, 0, 0, 7, 51,
          154, 254, 255, 156, 52, 7, 0, 0, 4, 31, 94, 155, 156, 95, 32,
          4, 0, 0, 1, 10, 32, 52, 52, 32, 11, 1, 0, 0, 0, 1, 4, 7, 7, 4,
          1, 0, 0, 0, 0, 0, 0, 0, 0, 0, 0, 0, 0 ]
Filtertable:
   F_100_4_13: !!opencv-matrix
      rows: 13
      cols: 13
      dt: u
      data: [ 0, 0, 0, 0, 0, 0, 0, 0, 0, 0, 0, 0, 0, 0, 0, 1, 2, 3, 4, 5,
          4, 3, 2, 1, 0, 0, 0, 1, 3, 9, 17, 25, 28, 25, 17, 9, 3, 1, 0,
          0, 2, 9, 26, 50, 73, 82, 73, 51, 26, 9, 2, 0, 0, 3, 17, 50, 97,
          140, 158, 140, 98, 51, 18, 3, 0, 0, 4, 25, 73, 140, 202, 227,
          202, 141, 73, 25, 4, 0, 0, 5, 28, 82, 158, 227, 255, 227, 158,
          82, 28, 5, 0, 0, 4, 25, 73, 140, 202, 227, 203, 141, 73, 25, 4,
          0, 0, 3, 17, 51, 98, 141, 158, 141, 98, 51, 18, 3, 0, 0, 2, 9,
          26, 51, 73, 82, 73, 51, 27, 9, 2, 0, 0, 1, 3, 9, 18, 25, 28,
          25, 18, 9, 3, 1, 0, 0, 0, 1, 2, 3, 4, 5, 4, 3, 2, 1, 0, 0, 0,
          0, 0, 0, 0, 0, 0, 0, 0, 0, 0, 0, 0 ]
Filtertable:
   F_100_8_15: !!opencv-matrix
      rows: 15
      cols: 15
      dt: u
      data: [ 0, 0, 0, 0, 0, 0, 0, 0, 0, 0, 0, 0, 0, 0, 0, 0, 0, 0, 0, 0,
          0, 0, 0, 0, 0, 0, 0, 0, 0, 0, 0, 0, 0, 0, 0, 1, 1, 1, 1, 1, 0,
          0, 0, 0, 0, 0, 0, 0, 1, 2, 6, 10, 11, 10, 6, 2, 1, 0, 0, 0, 0,
          0, 0, 2, 9, 24, 41, 49, 41, 24, 10, 2, 0, 0, 0, 0, 0, 1, 6, 24,
          62, 106, 126, 106, 62, 24, 6, 1, 0, 0, 0, 0, 1, 10, 41, 106,
          180, 214, 181, 106, 42, 10, 1, 0, 0, 0, 0, 1, 11, 49, 126, 214,
          255, 215, 127, 50, 12, 1, 0, 0, 0, 0, 1, 10, 41, 106, 181, 215,
          181, 107, 42, 10, 1, 0, 0, 0, 0, 1, 6, 24, 62, 106, 127, 107,
          63, 25, 6, 1, 0, 0, 0, 0, 0, 2, 10, 24, 42, 50, 42, 25, 10, 2,
          0, 0, 0, 0, 0, 0, 1, 2, 6, 10, 12, 10, 6, 2, 1, 0, 0, 0, 0, 0,
          0, 0, 0, 1, 1, 1, 1, 1, 0, 0, 0, 0, 0, 0, 0, 0, 0, 0, 0, 0, 0,
          0, 0, 0, 0, 0, 0, 0, 0, 0, 0, 0, 0, 0, 0, 0, 0, 0, 0, 0, 0, 0,
          0 ]
Filtertable:
   F_100_6_10: !!opencv-matrix
      rows: 10
      cols: 10
      dt: u
      data: [ 0, 0, 0, 0, 0, 0, 0, 0, 0, 0, 0, 0, 1, 2, 4, 4, 2, 1, 0, 0,
          0, 1, 6, 21, 38, 38, 21, 6, 1, 0, 0, 2, 21, 77, 140, 141, 78,
          21, 2, 0, 0, 4, 38, 140, 254, 254, 141, 39, 4, 0, 0, 4, 38,
          141, 254, 255, 142, 39, 4, 0, 0, 2, 21, 78, 141, 142, 79, 22,
          2, 0, 0, 1, 6, 21, 39, 39, 22, 6, 1, 0, 0, 0, 1, 2, 4, 4, 2, 1,
          0, 0, 0, 0, 0, 0, 0, 0, 0, 0, 0, 0 ]
Filtertable:
   F_100_4_14: !!opencv-matrix
      rows: 14
      cols: 14
      dt: u
      data: [ 0, 0, 0, 0, 0, 0, 0, 0, 0, 0, 0, 0, 0, 0, 0, 0, 0, 1, 2, 3,
          4, 4, 3, 2, 1, 0, 0, 0, 0, 0, 2, 6, 12, 18, 22, 22, 18, 12, 6,
          2, 0, 0, 0, 1, 6, 17, 35, 54, 67, 67, 54, 36, 18, 6, 1, 0, 0,
          2, 12, 35, 72, 110, 135, 135, 111, 72, 36, 12, 2, 0, 0, 3, 18,
          54, 110, 169, 208, 208, 170, 111, 55, 18, 3, 0, 0, 4, 22, 67,
          135, 208, 254, 255, 208, 136, 67, 22, 4, 0, 0, 4, 22, 67, 135,
          208, 255, 255, 208, 136, 67, 22, 4, 0, 0, 3, 18, 54, 111, 170,
          208, 208, 170, 111, 55, 18, 3, 0, 0, 2, 12, 36, 72, 111, 136,
          136, 111, 73, 36, 12, 2, 0, 0, 1, 6, 18, 36, 55, 67, 67, 55,
          36, 18, 6, 1, 0, 0, 0, 2, 6, 12, 18, 22, 22, 18, 12, 6, 2, 0,
          0, 0, 0, 0, 1, 2, 3, 4, 4, 3, 2, 1, 0, 0, 0, 0, 0, 0, 0, 0, 0,
          0, 0, 0, 0, 0, 0, 0, 0 ]
Filtertable:
   F_100_6_11: !!opencv-matrix
      rows: 11
      cols: 11
      dt: u
      data: [ 0, 0, 0, 0, 0, 0, 0, 0, 0, 0, 0, 0, 0, 0, 1, 2, 2, 2, 1, 0,
          0, 0, 0, 0, 2, 8, 18, 23, 18, 8, 2, 0, 0, 0, 1, 8, 34, 74, 94,
          74, 35, 8, 1, 0, 0, 2, 18, 74, 157, 200, 158, 74, 18, 2, 0, 0,
          2, 23, 94, 200, 255, 201, 95, 23, 2, 0, 0, 2, 18, 74, 158, 201,
          159, 75, 18, 2, 0, 0, 1, 8, 35, 74, 95, 75, 35, 9, 1, 0, 0, 0,
          2, 8, 18, 23, 18, 9, 2, 0, 0, 0, 0, 0, 1, 2, 2, 2, 1, 0, 0, 0,
          0, 0, 0, 0, 0, 0, 0, 0, 0, 0, 0 ]
Filtertable:
   F_100_2_10: !!opencv-matrix
      rows: 10
      cols: 10
      dt: u
      data: [ 0, 2, 4, 7, 8, 8, 7, 4, 2, 0, 2, 12, 28, 45, 55, 55, 45,
          29, 12, 2, 4, 28, 68, 107, 131, 131, 107, 68, 29, 4, 7, 45,
          107, 169, 207, 207, 169, 107, 45, 7, 8, 55, 131, 207, 254, 255,
          208, 132, 56, 9, 8, 55, 131, 207, 255, 255, 208, 132, 56, 9, 7,
          45, 107, 169, 208, 208, 170, 108, 46, 7, 4, 29, 68, 107, 132,
          132, 108, 68, 29, 4, 2, 12, 29, 45, 56, 56, 46, 29, 12, 2, 0,
          2, 4, 7, 9, 9, 7, 4, 2, 0 ]
Filtertable:
   F_100_4_15: !!opencv-matrix
      rows: 15
      cols: 15
      dt: u
      data: [ 0, 0, 0, 0, 0, 0, 0, 0, 0, 0, 0, 0, 0, 0, 0, 0, 0, 0, 1, 1,
          2, 3, 3, 3, 2, 1, 1, 0, 0, 0, 0, 0, 1, 3, 7, 12, 15, 17, 15,
          12, 7, 3, 1, 0, 0, 0, 1, 3, 11, 23, 36, 48, 52, 48, 37, 23, 11,
          4, 1, 0, 0, 1, 7, 23, 48, 77, 101, 110, 101, 77, 48, 23, 7, 1,
          0, 0, 2, 12, 36, 77, 124, 163, 178, 163, 125, 77, 37, 12, 2, 0,
          0, 3, 15, 48, 101, 163, 214, 233, 214, 164, 101, 48, 16, 3, 0,
          0, 3, 17, 52, 110, 178, 233, 255, 234, 179, 111, 53, 17, 3, 0,
          0, 3, 15, 48, 101, 163, 214, 234, 214, 164, 102, 48, 16, 3, 0,
          0, 2, 12, 37, 77, 125, 164, 179, 164, 125, 78, 37, 12, 2, 0, 0,
          1, 7, 23, 48, 77, 101, 111, 102, 78, 48, 23, 7, 1, 0, 0, 1, 3,
          11, 23, 37, 48, 53, 48, 37, 23, 11, 4, 1, 0, 0, 0, 1, 4, 7, 12,
          16, 17, 16, 12, 7, 4, 1, 0, 0, 0, 0, 0, 1, 1, 2, 3, 3, 3, 2, 1,
          1, 0, 0, 0, 0, 0, 0, 0, 0, 0, 0, 0, 0, 0, 0, 0, 0, 0, 0 ]
Filtertable:
   F_100_6_12: !!opencv-matrix
      rows: 12
      cols: 12
      dt: u
      data: [ 0, 0, 0, 0, 0, 0, 0, 0, 0, 0, 0, 0, 0, 0, 0, 0, 1, 1, 1, 1,
          0, 0, 0, 0, 0, 0, 1, 4, 10, 15, 15, 10, 4, 1, 0, 0, 0, 0, 4,
          19, 46, 70, 70, 46, 19, 4, 0, 0, 0, 1, 10, 46, 111, 168, 168,
          112, 47, 10, 1, 0, 0, 1, 15, 70, 168, 254, 254, 169, 70, 16, 1,
          0, 0, 1, 15, 70, 168, 254, 255, 170, 71, 16, 1, 0, 0, 1, 10,
          46, 112, 169, 170, 113, 47, 10, 1, 0, 0, 0, 4, 19, 47, 70, 71,
          47, 20, 4, 0, 0, 0, 0, 1, 4, 10, 16, 16, 10, 4, 1, 0, 0, 0, 0,
          0, 0, 1, 1, 1, 1, 0, 0, 0, 0, 0, 0, 0, 0, 0, 0, 0, 0, 0, 0, 0,
          0 ]
Filtertable:
   F_100_5_13: !!opencv-matrix
      rows: 13
      cols: 13
      dt: u
      data: [ 0, 0, 0, 0, 0, 0, 0, 0, 0, 0, 0, 0, 0, 0, 0, 0, 0, 1, 2, 2,
          2, 1, 0, 0, 0, 0, 0, 0, 1, 4, 9, 14, 16, 14, 9, 4, 1, 0, 0, 0,
          0, 4, 15, 34, 53, 62, 54, 34, 15, 4, 0, 0, 0, 1, 9, 34, 77,
          121, 140, 122, 78, 34, 9, 1, 0, 0, 2, 14, 53, 121, 190, 220,
          191, 122, 54, 14, 2, 0, 0, 2, 16, 62, 140, 220, 255, 221, 141,
          63, 17, 2, 0, 0, 2, 14, 54, 122, 191, 221, 192, 122, 54, 15, 2,
          0, 0, 1, 9, 34, 78, 122, 141, 122, 78, 35, 9, 1, 0, 0, 0, 4,
          15, 34, 54, 63, 54, 35, 15, 4, 0, 0, 0, 0, 1, 4, 9, 14, 17, 15,
          9, 4, 1, 0, 0, 0, 0, 0, 0, 1, 2, 2, 2, 1, 0, 0, 0, 0, 0, 0, 0,
          0, 0, 0, 0, 0, 0, 0, 0, 0, 0 ]
Filtertable:
   F_100_5_14: !!opencv-matrix
      rows: 14
      cols: 14
      dt: u
      data: [ 0, 0, 0, 0, 0, 0, 0, 0, 0, 0, 0, 0, 0, 0, 0, 0, 0, 0, 1, 1,
          1, 1, 1, 1, 0, 0, 0, 0, 0, 0, 1, 2, 6, 10, 12, 12, 10, 6, 2, 1,
          0, 0, 0, 0, 2, 9, 22, 37, 48, 48, 37, 22, 9, 2, 0, 0, 0, 1, 6,
          22, 53, 90, 116, 116, 90, 53, 22, 6, 1, 0, 0, 1, 10, 37, 90,
          153, 197, 198, 154, 90, 38, 10, 1, 0, 0, 1, 12, 48, 116, 197,
          254, 255, 198, 117, 49, 12, 1, 0, 0, 1, 12, 48, 116, 198, 255,
          255, 198, 117, 49, 13, 1, 0, 0, 1, 10, 37, 90, 154, 198, 198,
          154, 91, 38, 10, 1, 0, 0, 1, 6, 22, 53, 90, 117, 117, 91, 53,
          22, 6, 1, 0, 0, 0, 2, 9, 22, 38, 49, 49, 38, 22, 9, 2, 0, 0, 0,
          0, 1, 2, 6, 10, 12, 13, 10, 6, 2, 1, 0, 0, 0, 0, 0, 0, 1, 1, 1,
          1, 1, 1, 0, 0, 0, 0, 0, 0, 0, 0, 0, 0, 0, 0, 0, 0, 0, 0, 0, 0 ]
Filtertable:
   F_100_3_10: !!opencv-matrix
      rows: 10
      cols: 10
      dt: u
      data: [ 0, 0, 1, 1, 2, 2, 1, 1, 0, 0, 0, 3, 10, 20, 27, 27, 20, 10,
          3, 0, 1, 10, 36, 70, 95, 95, 70, 36, 10, 1, 1, 20, 70, 138,
          187, 188, 139, 71, 20, 2, 2, 27, 95, 187, 254, 255, 188, 96,
          27, 2, 2, 27, 95, 188, 255, 255, 189, 96, 27, 2, 1, 20, 70,
          139, 188, 189, 139, 71, 20, 2, 1, 10, 36, 71, 96, 96, 71, 36,
          10, 1, 0, 3, 10, 20, 27, 27, 20, 10, 3, 0, 0, 0, 1, 2, 2, 2, 2,
          1, 0, 0 ]
Filtertable:
   F_100_5_15: !!opencv-matrix
      rows: 15
      cols: 15
      dt: u
      data: [ 0, 0, 0, 0, 0, 0, 0, 0, 0, 0, 0, 0, 0, 0, 0, 0, 0, 0, 0, 0,
          1, 1, 1, 1, 1, 0, 0, 0, 0, 0, 0, 0, 0, 1, 3, 6, 8, 9, 8, 6, 3,
          1, 0, 0, 0, 0, 0, 1, 5, 13, 23, 32, 36, 32, 23, 13, 5, 1, 0, 0,
          0, 0, 3, 13, 32, 57, 80, 90, 81, 58, 32, 13, 3, 0, 0, 0, 1, 6,
          23, 57, 104, 146, 163, 146, 105, 58, 23, 6, 1, 0, 0, 1, 8, 32,
          80, 146, 205, 228, 205, 147, 81, 32, 8, 1, 0, 0, 1, 9, 36, 90,
          163, 228, 255, 229, 164, 90, 36, 9, 1, 0, 0, 1, 8, 32, 81, 146,
          205, 229, 206, 147, 81, 32, 8, 1, 0, 0, 1, 6, 23, 58, 105, 147,
          164, 147, 105, 58, 23, 6, 1, 0, 0, 0, 3, 13, 32, 58, 81, 90,
          81, 58, 32, 13, 3, 0, 0, 0, 0, 1, 5, 13, 23, 32, 36, 32, 23,
          13, 5, 1, 0, 0, 0, 0, 0, 1, 3, 6, 8, 9, 8, 6, 3, 1, 0, 0, 0, 0,
          0, 0, 0, 0, 1, 1, 1, 1, 1, 0, 0, 0, 0, 0, 0, 0, 0, 0, 0, 0, 0,
          0, 0, 0, 0, 0, 0, 0, 0 ]
Filtertable:
   F_100_6_13: !!opencv-matrix
      rows: 13
      cols: 13
      dt: u
      data: [ 0, 0, 0, 0, 0, 0, 0, 0, 0, 0, 0, 0, 0, 0, 0, 0, 0, 0, 1, 1,
          1, 0, 0, 0, 0, 0, 0, 0, 0, 2, 5, 8, 10, 8, 5, 2, 0, 0, 0, 0, 0,
          2, 9, 23, 40, 47, 40, 23, 9, 2, 0, 0, 0, 0, 5, 23, 61, 105,
          125, 105, 62, 23, 5, 0, 0, 0, 1, 8, 40, 105, 180, 214, 181,
          106, 40, 8, 1, 0, 0, 1, 10, 47, 125, 214, 255, 215, 126, 48,
          10, 1, 0, 0, 1, 8, 40, 105, 181, 215, 181, 106, 40, 8, 1, 0, 0,
          0, 5, 23, 62, 106, 126, 106, 62, 24, 5, 0, 0, 0, 0, 2, 9, 23,
          40, 48, 40, 24, 9, 2, 0, 0, 0, 0, 0, 2, 5, 8, 10, 8, 5, 2, 0,
          0, 0, 0, 0, 0, 0, 0, 1, 1, 1, 0, 0, 0, 0, 0, 0, 0, 0, 0, 0, 0,
          0, 0, 0, 0, 0, 0, 0 ]
Filtertable:
   F_100_6_14: !!opencv-matrix
      rows: 14
      cols: 14
      dt: u
      data: [ 0, 0, 0, 0, 0, 0, 0, 0, 0, 0, 0, 0, 0, 0, 0, 0, 0, 0, 0, 0,
          1, 1, 0, 0, 0, 0, 0, 0, 0, 0, 0, 1, 3, 5, 7, 7, 5, 3, 1, 0, 0,
          0, 0, 0, 1, 5, 14, 26, 35, 35, 26, 14, 5, 1, 0, 0, 0, 0, 3, 14,
          39, 73, 99, 99, 74, 39, 14, 3, 0, 0, 0, 0, 5, 26, 73, 139, 188,
          188, 139, 74, 26, 5, 0, 0, 0, 1, 7, 35, 99, 188, 254, 255, 189,
          100, 35, 7, 1, 0, 0, 1, 7, 35, 99, 188, 255, 255, 189, 100, 35,
          7, 1, 0, 0, 0, 5, 26, 74, 139, 189, 189, 140, 74, 26, 5, 0, 0,
          0, 0, 3, 14, 39, 74, 100, 100, 74, 39, 14, 3, 0, 0, 0, 0, 1, 5,
          14, 26, 35, 35, 26, 14, 5, 1, 0, 0, 0, 0, 0, 1, 3, 5, 7, 7, 5,
          3, 1, 0, 0, 0, 0, 0, 0, 0, 0, 0, 1, 1, 0, 0, 0, 0, 0, 0, 0, 0,
