%YAML:1.0
---
Filtertable:
   F_100_10_15: !!opencv-matrix
      rows: 15
      cols: 15
      dt: u
      data: [ 0, 0, 0, 0, 0, 0, 0, 0, 0, 0, 0, 0, 0, 0, 0, 0, 0, 0, 0, 0,
          0, 0, 0, 0, 0, 0, 0, 0, 0, 0, 0, 0, 0, 0, 0, 0, 0, 0, 0, 0, 0,
          0, 0, 0, 0, 0, 0, 0, 0, 1, 2, 4, 5, 4, 2, 1, 0, 0, 0, 0, 0, 0,
          0, 1, 4, 14, 27, 33, 27, 14, 4, 1, 0, 0, 0, 0, 0, 0, 2, 14, 44,
          86, 106, 86, 45, 14, 2, 0, 0, 0, 0, 0, 0, 4, 27, 86, 166, 206,
          166, 86, 27, 5, 0, 0, 0, 0, 0, 0, 5, 33, 106, 206, 255, 206,
          107, 34, 6, 0, 0, 0, 0, 0, 0, 4, 27, 86, 166, 206, 167, 87, 27,
          5, 0, 0, 0, 0, 0, 0, 2, 14, 45, 86, 107, 87, 45, 14, 2, 0, 0,
          0, 0, 0, 0, 1, 4, 14, 27, 34, 27, 14, 4, 1, 0, 0, 0, 0, 0, 0,
          0, 1, 2, 5, 6, 5, 2, 1, 0, 0, 0, 0, 0, 0, 0, 0, 0, 0, 0, 0, 0,
          0, 0, 0, 0, 0, 0, 0, 0, 0, 0, 0, 0, 0, 0, 0, 0, 0, 0, 0, 0, 0,
          0, 0, 0, 0, 0, 0, 0, 0, 0, 0, 0, 0, 0, 0, 0 ]
Filtertable:
   F_100_10_14: !!opencv-matrix
      rows: 14
      cols: 14
      dt: u
      data: [ 0, 0, 0, 0, 0, 0, 0, 0, 0, 0, 0, 0, 0, 0, 0, 0, 0, 0, 0, 0,
          0, 0, 0, 0, 0, 0, 0, 0, 0, 0, 0, 0, 0, 0, 1, 1, 0, 0, 0, 0, 0,
          0, 0, 0, 0, 0, 2, 6, 10, 10, 6, 2, 0, 0, 0, 0, 0, 0, 0, 2, 12,
          33, 55, 55, 33, 12, 2, 0, 0, 0, 0, 0, 0, 6, 33, 94, 154, 155,
          95, 34, 6, 0, 0, 0, 0, 0, 1, 10, 55, 154, 254, 254, 156, 55,
          10, 1, 0, 0, 0, 0, 1, 10, 55, 155, 254, 255, 156, 55, 10, 1, 0,
          0, 0, 0, 0, 6, 33, 95, 156, 156, 95, 34, 6, 0, 0, 0, 0, 0, 0,
          2, 12, 34, 55, 55, 34, 12, 2, 0, 0, 0, 0, 0, 0, 0, 2, 6, 10,
          10, 6, 2, 0, 0, 0, 0, 0, 0, 0, 0, 0, 0, 1, 1, 0, 0, 0, 0, 0, 0,
          0, 0, 0, 0, 0, 0, 0, 0, 0, 0, 0, 0, 0, 0, 0, 0, 0, 0, 0, 0, 0,
          0, 0, 0, 0, 0, 0, 0 ]
Filtertable:
   F_100_10_13: !!opencv-matrix
      rows: 13
      cols: 13
      dt: u
      data: [ 0, 0, 0, 0, 0, 0, 0, 0, 0, 0, 0, 0, 0, 0, 0, 0, 0, 0, 0, 0,
          0, 0, 0, 0, 0, 0, 0, 0, 0, 0, 0, 1, 1, 1, 0, 0, 0, 0, 0, 0, 0,
          0, 1, 5, 12, 16, 12, 5, 1, 0, 0, 0, 0, 0, 0, 5, 25, 60, 80, 60,
          25, 5, 0, 0, 0, 0, 0, 1, 12, 60, 144, 192, 145, 61, 13, 1, 0,
          0, 0, 0, 1, 16, 80, 192, 255, 193, 81, 17, 1, 0, 0, 0, 0, 1,
          12, 60, 145, 193, 146, 61, 13, 1, 0, 0, 0, 0, 0, 5, 25, 61, 81,
          61, 25, 5, 0, 0, 0, 0, 0, 0, 1, 5, 13, 17, 13, 5, 1, 0, 0, 0,
          0, 0, 0, 0, 0, 1, 1, 1, 0, 0, 0, 0, 0, 0, 0, 0, 0, 0, 0, 0, 0,
          0, 0, 0, 0, 0, 0, 0, 0, 0, 0, 0, 0, 0, 0, 0, 0, 0, 0 ]
Filtertable:
   F_100_10_12: !!opencv-matrix
      rows: 12
      cols: 12
      dt: u
      data: [ 0, 0, 0, 0, 0, 0, 0, 0, 0, 0, 0, 0, 0, 0, 0, 0, 0, 0, 0, 0,
          0, 0, 0, 0, 0, 0, 0, 0, 1, 3, 3, 1, 0, 0, 0, 0, 0, 0, 0, 4, 16,
          31, 31, 16, 4, 0, 0, 0, 0, 0, 1, 16, 66, 130, 130, 67, 16, 1,
          0, 0, 0, 0, 3, 31, 130, 253, 254, 131, 32, 3, 0, 0, 0, 0, 3,
          31, 130, 254, 255, 131, 32, 3, 0, 0, 0, 0, 1, 16, 67, 131, 131,
          68, 16, 1, 0, 0, 0, 0, 0, 4, 16, 32, 32, 16, 4, 0, 0, 0, 0, 0,
          0, 0, 1, 3, 3, 1, 0, 0, 0, 0, 0, 0, 0, 0, 0, 0, 0, 0, 0, 0, 0,
          0, 0, 0, 0, 0, 0, 0, 0, 0, 0, 0, 0, 0 ]
Filtertable:
   F_100_10_11: !!opencv-matrix
      rows: 11
      cols: 11
      dt: u
      data: [ 0, 0, 0, 0, 0, 0, 0, 0, 0, 0, 0, 0, 0, 0, 0, 0, 0, 0, 0, 0,
          0, 0, 0, 0, 0, 1, 4, 5, 4, 1, 0, 0, 0, 0, 0, 1, 10, 34, 51, 34,
          10, 1, 0, 0, 0, 0, 4, 34, 116, 172, 117, 35, 4, 0, 0, 0, 0, 5,
          51, 172, 255, 174, 51, 5, 0, 0, 0, 0, 4, 34, 117, 174, 118, 35,
          4, 0, 0, 0, 0, 1, 10, 35, 51, 35, 10, 1, 0, 0, 0, 0, 0, 1, 4,
          5, 4, 1, 0, 0, 0, 0, 0, 0, 0, 0, 0, 0, 0, 0, 0, 0, 0, 0, 0, 0,
          0, 0, 0, 0, 0, 0, 0 ]
Filtertable:
   F_100_10_10: !!opencv-matrix
      rows: 10
      cols: 10
      dt: u
      data: [ 0, 0, 0, 0, 0, 0, 0, 0, 0, 0, 0, 0, 0, 0, 0, 0, 0, 0, 0, 0,
          0, 0, 1, 5, 12, 12, 5, 1, 0, 0, 0, 0, 5, 38, 97, 98, 38, 5, 0,
          0, 0, 0, 12, 97, 253, 254, 99, 12, 0, 0, 0, 0, 12, 98, 254,
          255, 99, 13, 0, 0, 0, 0, 5, 38, 99, 99, 39, 5, 0, 0, 0, 0, 1,
          5, 12, 13, 5, 1, 0, 0, 0, 0, 0, 0, 0, 0, 0, 0, 0, 0, 0, 0, 0,
          0, 0, 0, 0, 0, 0, 0 ]
Filtertable:
   F_100_9_14: !!opencv-matrix
      rows: 14
      cols: 14
      dt: u
      data: [ 0, 0, 0, 0, 0, 0, 0, 0, 0, 0, 0, 0, 0, 0, 0, 0, 0, 0, 0, 0,
          0, 0, 0, 0, 0, 0, 0, 0, 0, 0, 0, 0, 0, 1, 1, 1, 1, 0, 0, 0, 0,
          0, 0, 0, 0, 1, 3, 9, 14, 14, 9, 3, 1, 0, 0, 0, 0, 0, 0, 3, 16,
          40, 63, 63, 41, 16, 3, 0, 0, 0, 0, 0, 1, 9, 40, 103, 162, 162,
          104, 41, 9, 1, 0, 0, 0, 0, 1, 14, 63, 162, 254, 254, 163, 64,
          14, 1, 0, 0, 0, 0, 1, 14, 63, 162, 254, 255, 164, 64, 14, 1, 0,
          0, 0, 0, 1, 9, 41, 104, 163, 164, 105, 41, 9, 1, 0, 0, 0, 0, 0,
          3, 16, 41, 64, 64, 41, 16, 3, 0, 0, 0, 0, 0, 0, 1, 3, 9, 14,
          14, 9, 3, 1, 0, 0, 0, 0, 0, 0, 0, 0, 1, 1, 1, 1, 0, 0, 0, 0, 0,
          0, 0, 0, 0, 0, 0, 0, 0, 0, 0, 0, 0, 0, 0, 0, 0, 0, 0, 0, 0, 0,
          0, 0, 0, 0, 0, 0, 0 ]
Filtertable:
   F_100_9_13: !!opencv-matrix
      rows: 13
      cols: 13
      dt: u
      data: [ 0, 0, 0, 0, 0, 0, 0, 0, 0, 0, 0, 0, 0, 0, 0, 0, 0, 0, 0, 0,
          0, 0, 0, 0, 0, 0, 0, 0, 0, 0, 1, 2, 2, 2, 1, 0, 0, 0, 0, 0, 0,
          0, 2, 7, 16, 21, 16, 7, 2, 0, 0, 0, 0, 0, 1, 7, 31, 69, 89, 69,
          31, 8, 1, 0, 0, 0, 0, 2, 16, 69, 152, 197, 153, 69, 17, 2, 0,
          0, 0, 0, 2, 21, 89, 197, 255, 198, 90, 22, 2, 0, 0, 0, 0, 2,
          16, 69, 153, 198, 154, 70, 17, 2, 0, 0, 0, 0, 1, 7, 31, 69, 90,
          70, 32, 8, 1, 0, 0, 0, 0, 0, 2, 8, 17, 22, 17, 8, 2, 0, 0, 0,
          0, 0, 0, 0, 1, 2, 2, 2, 1, 0, 0, 0, 0, 0, 0, 0, 0, 0, 0, 0, 0,
          0, 0, 0, 0, 0, 0, 0, 0, 0, 0, 0, 0, 0, 0, 0, 0, 0, 0 ]
Filtertable:
   F_100_9_12: !!opencv-matrix
      rows: 12
      cols: 12
      dt: u
      data: [ 0, 0, 0, 0, 0, 0, 0, 0, 0, 0, 0, 0, 0, 0, 0, 0, 0, 0, 0, 0,
          0, 0, 0, 0, 0, 0, 0, 1, 2, 4, 4, 2, 1, 0, 0, 0, 0, 0, 1, 6, 21,
          38, 38, 21, 6, 1, 0, 0, 0, 0, 2, 21, 75, 138, 138, 76, 21, 2,
          0, 0, 0, 0, 4, 38, 138, 253, 254, 139, 39, 4, 0, 0, 0, 0, 4,
          38, 138, 254, 255, 140, 39, 4, 0, 0, 0, 0, 2, 21, 76, 139, 140,
          77, 21, 2, 0, 0, 0, 0, 1, 6, 21, 39, 39, 21, 6, 1, 0, 0, 0, 0,
          0, 1, 2, 4, 4, 2, 1, 0, 0, 0, 0, 0, 0, 0, 0, 0, 0, 0, 0, 0, 0,
          0, 0, 0, 0, 0, 0, 0, 0, 0, 0, 0, 0, 0 ]
Filtertable:
   F_100_9_11: !!opencv-matrix
      rows: 11
      cols: 11
      dt: u
      data: [ 0, 0, 0, 0, 0, 0, 0, 0, 0, 0, 0, 0, 0, 0, 0, 0, 0, 0, 0, 0,
          0, 0, 0, 0, 0, 2, 5, 7, 5, 2, 0, 0, 0, 0, 0, 2, 14, 41, 59, 42,
          14, 2, 0, 0, 0, 0, 5, 41, 125, 179, 126, 42, 5, 0, 0, 0, 0, 7,
          59, 179, 255, 180, 60, 8, 0, 0, 0, 0, 5, 42, 126, 180, 127, 42,
          5, 0, 0, 0, 0, 2, 14, 42, 60, 42, 14, 2, 0, 0, 0, 0, 0, 2, 5,
          8, 5, 2, 0, 0, 0, 0, 0, 0, 0, 0, 0, 0, 0, 0, 0, 0, 0, 0, 0, 0,
          0, 0, 0, 0, 0, 0, 0 ]
Filtertable:
   F_100_9_10: !!opencv-matrix
      rows: 10
      cols: 10
      dt: u
      data: [ 0, 0, 0, 0, 0, 0, 0, 0, 0, 0, 0, 0, 0, 0, 1, 1, 0, 0, 0, 0,
          0, 0, 1, 7, 16, 16, 7, 1, 0, 0, 0, 0, 7, 45, 106, 107, 45, 7,
          0, 0, 0, 1, 16, 106, 253, 254, 108, 16, 1, 0, 0, 1, 16, 107,
          254, 255, 108, 16, 1, 0, 0, 0, 7, 45, 108, 108, 46, 7, 0, 0, 0,
          0, 1, 7, 16, 16, 7, 1, 0, 0, 0, 0, 0, 0, 1, 1, 0, 0, 0, 0, 0,
          0, 0, 0, 0, 0, 0, 0, 0, 0 ]
